13
8 0 4 5 8 2 6 3 9 6 3 9 8 
3 3 7 8 0 7 8 0 3 2 3 8 8 
8 1 7 8 3 7 8 0 2 7 2 8 0 
2 6 5 3 6 8 8 3 6 0 2 5 1 
7 7 4 5 7 4 8 6 4 4 3 3 4 
7 2 8 5 4 2 3 9 6 9 7 6 4 
4 9 7 1 0 4 0 6 2 7 3 2 3 
7 6 6 2 0 3 4 9 0 0 1 3 9 
9 4 9 8 8 5 7 5 8 9 2 8 7 
6 7 0 8 0 0 7 8 2 9 3 9 8 
3 1 2 8 3 3 2 4 3 2 9 2 0 
7 1 2 7 1 8 4 1 8 6 3 5 4 
8 5 7 9 5 2 0 9 0 3 5 4 7 
8 0 4 5 8 2 6 3 9 6 3 9 8 
3 3 7 8 0 7 8 0 3 2 3 8 8 
8 1 7 8 3 7 8 0 2 7 2 8 0 
2 6 5 3 6 8 8 3 6 0 2 5 1 
7 7 4 5 7 4 8 6 4 4 3 3 4 
7 2 8 5 4 2 3 9 6 9 7 6 4 
4 9 7 1 0 4 0 6 2 7 3 2 3 
7 6 6 2 0 3 4 9 0 0 1 3 9 
9 4 9 8 8 5 7 5 8 9 2 8 7 
6 7 0 8 0 0 7 8 2 9 3 9 8 
3 1 2 8 3 3 2 4 3 2 9 2 0 
7 1 2 7 1 8 4 1 8 6 3 5 4 
8 5 7 9 5 2 0 9 0 3 5 4 7 
8 0 4 5 8 2 6 3 9 6 3 9 8 
3 3 7 8 0 7 8 0 3 2 3 8 8 
8 1 7 8 3 7 8 0 2 7 2 8 0 
2 6 5 3 6 8 8 3 6 0 2 5 1 
7 7 4 5 7 4 8 6 4 4 3 3 4 
7 2 8 5 4 2 3 9 6 9 7 6 4 
4 9 7 1 0 4 0 6 2 7 3 2 3 
7 6 6 2 0 3 4 9 0 0 1 3 9 
9 4 9 8 8 5 7 5 8 9 2 8 7 
6 7 0 8 0 0 7 8 2 9 3 9 8 
3 1 2 8 3 3 2 4 3 2 9 2 0 
7 1 2 7 1 8 4 1 8 6 3 5 4 
8 5 7 9 5 2 0 9 0 3 5 4 7 
